6739.72510 3204.86255 4914.00000 32372.11328 1715.46252 6421.51270 81972.37500 33391.46094 2020.83752 1459.59998 141015.43750 17684.50000 38207.62500 1953.73755 17181.56250 25640.84961 7031.42480 78453.70312 9452.71289 8597.06250 1581.27502 23170.98828 12087.56250 4883.00000 24063.87500 4124.03760 281463.00000 11056.76270 8585.62500 12480.18750 3727.76245 4673.02490 13451.68750 372672.59375 9745.93750 12055.12500 97602.71094 60774.51172 54470.06250 7146.29980 38011.61328 39723.31250 16111.56250 16981.25000 168663.26562 57109.86328 15576.07520 2542.48755 34056.30078 7095.67480 
10355.04980 5457.07520 26409.59961 29982.22461 2152.17505 23701.59961 28499.25000 26544.37500 2480.77490 1995.19995 205925.12500 32069.40039 42477.35156 5044.32520 36054.37500 35602.50000 10492.04980 92515.79688 12441.27539 14113.12500 2030.15002 48702.44922 19877.32422 12851.59961 39682.50000 12148.84961 406770.00000 22113.52539 22449.15039 25455.37500 11116.87500 13346.90039 35106.25000 229188.00000 18070.00000 18181.05078 73603.54688 63568.42578 65177.25000 8618.20020 70728.07812 52917.87500 20714.37500 32575.00000 210766.04688 66703.00000 18481.50000 3928.57495 34221.00000 11999.09961 
7650.39990 3845.39990 19622.40039 21024.32422 1577.90002 16197.02539 43134.00000 6370.64990 1869.44995 1402.40002 104130.25000 15322.79980 15319.70020 4089.80005 25399.50000 25154.40039 6305.39990 36644.39844 7754.45020 10500.75000 1326.19995 36072.89844 9670.04980 10822.40039 24603.15039 8180.67480 325852.81250 11424.59961 14122.59961 22151.25000 8229.37500 7880.95020 25927.25000 203364.00000 12049.37500 11400.90039 59561.97656 27330.55078 52117.12500 6428.79980 39587.55078 32225.44922 15620.00000 23312.50000 169251.53125 53124.17578 14368.95020 3020.85010 24448.80078 7886.54980 
5219.50000 2396.85010 13876.79980 29681.40039 1061.75000 10383.42480 65767.50000 16770.59961 1324.94995 869.59998 12638.50000 8429.79980 15832.79980 3428.42505 16297.50000 15763.79980 2542.50000 27445.59961 3542.00000 7254.00000 693.50000 26166.97461 3801.89990 8930.00000 11050.04980 5611.04980 253234.79688 5582.47510 7458.95020 19069.87500 5826.97510 4330.89990 17347.62500 322800.00000 7198.75000 5307.00000 83331.70312 30982.00000 40378.87500 7822.79980 15801.40039 13627.40039 11041.25000 16250.00000 131938.87500 40919.72656 10672.65039 2205.00000 31329.59961 4190.25000 
5776.12500 2628.48755 9147.59961 21275.01172 1250.46252 7483.61230 58805.62500 13571.66211 1525.83752 1050.80005 46089.31250 1231.69995 11526.42480 2289.78760 15828.56250 18421.65039 3918.27490 23562.50000 5082.13770 7875.56250 924.82501 23493.78711 2252.21240 6798.20020 13644.67480 2952.96240 264755.40625 2430.61255 6609.42480 15598.68750 4628.66260 2861.77490 15249.81250 261306.59375 7592.81250 7379.47510 65940.33594 20497.91211 44494.31250 5211.10010 16494.81250 20427.13672 12598.43750 16268.75000 144628.53125 45381.86328 12024.07520 2361.18750 21905.09961 4847.92480 
6641.17480 3220.08740 14977.20020 20071.71289 1363.61255 12332.93750 48555.37500 8861.73730 1646.28748 1181.19995 66146.06250 9073.90039 5185.97510 3530.31250 21148.31250 21255.75000 4743.17480 23034.69922 6005.58740 9152.81250 1063.52502 30494.51172 5847.48730 9435.40039 18976.37500 5851.16260 294457.81250 7436.08740 10790.77539 19892.81250 6632.58740 5655.12500 21192.18750 229995.00000 9802.81250 8870.92480 56946.38672 15076.06250 47243.81250 5621.10010 27925.61328 24504.18750 13719.06250 19856.25000 153760.60938 48057.31250 12834.37500 2682.13745 20807.09961 6351.97510 
4374.52490 1838.96252 21848.40039 64292.98828 1524.03748 15840.66211 138615.37500 51550.53906 1817.06250 1133.19995 198300.81250 32781.30078 62653.17578 5553.76270 7310.81250 18478.05078 6856.27490 126332.70312 10274.96289 5467.31250 1628.77502 14919.41211 19650.03711 11943.40039 20197.37500 11613.86230 211356.59375 19279.01172 11525.82520 23976.56250 6476.66260 9623.77539 16808.18750 681269.37500 5780.93750 10865.62500 185247.84375 97731.60938 47631.56250 15256.09961 49862.66406 41119.56250 12502.18750 9331.25000 134768.14062 52583.58594 14205.22461 1756.03748 69009.29688 4903.42480 
3847.10010 2266.35010 35330.39844 80186.57812 955.57501 27251.25000 155294.25000 57907.57422 1211.92505 546.40002 220212.12500 41335.39844 71210.95312 8308.29980 21709.50000 8135.70020 7119.00000 141375.00000 10214.87500 6371.62500 1619.75000 33813.30078 23844.52539 18148.80078 24684.55078 17111.17578 210756.00000 25460.12500 20448.84961 34080.75000 11884.95020 14610.75000 32845.75000 810550.81250 10692.50000 10202.25000 222003.71875 114578.07812 34351.12500 19762.00000 62659.27344 40854.27344 7885.62500 20750.00000 109304.77344 39050.57422 10134.29980 1983.27502 86632.20312 6421.35010 
6429.47510 3117.86255 15111.59961 25921.08789 1318.66248 12444.73730 53176.87500 10985.28711 1593.48755 1134.80005 58178.31250 9254.70020 11563.07520 3558.91260 20779.31250 20437.94922 4415.47510 11423.09961 5638.73730 8870.06250 1008.42499 30655.91211 6260.73730 9496.20020 17796.07422 5918.56250 289434.59375 7551.48730 10887.17480 19991.81250 6678.78760 5719.52490 21329.18750 258078.59375 9607.81250 8340.22461 73007.01562 24757.93750 46820.81250 7047.89990 26917.01172 22884.53711 13320.31250 19556.25000 150511.15625 46994.46094 12512.47461 2611.08740 27212.09961 6030.07520 
5396.52490 2582.81250 23679.59961 69206.46094 1789.08752 17769.21289 147325.12500 57376.68750 2099.21240 1406.80005 241573.93750 37595.10156 70496.27344 5947.01270 12569.06250 23300.25000 8788.57520 144881.09375 12438.11230 6729.93750 1953.67505 11166.86230 22873.38672 11616.59961 27157.07422 12852.33789 239639.40625 22351.53711 14092.47461 23444.43750 6101.28760 11338.42480 15695.06250 728398.18750 8559.68750 13994.92480 198738.76562 109515.83594 53659.31250 16305.70020 61965.86328 50669.91406 14853.43750 9543.75000 149278.60938 58814.08594 16103.32520 2073.31250 74352.89844 6801.52490 
5219.50000 2296.80005 9828.00000 23096.67578 1133.05005 7029.42480 56998.50000 12741.29980 1395.90002 928.79999 25277.00000 2463.39990 10371.95020 2434.57495 14621.62500 16271.40039 3062.30005 22846.19922 4123.89990 7312.50000 780.90002 22333.72461 0.00000 7106.00000 10541.29980 3268.89990 248102.40625 1601.17505 5916.54980 16099.87500 4440.97510 2398.89990 14693.25000 261790.79688 6353.75000 5984.10010 65986.22656 20525.57422 42775.87500 5658.00000 10086.00000 16196.50000 11550.00000 14550.00000 136084.71875 42605.62500 11183.25000 2174.37500 23899.80078 4001.55005 
4182.89990 1779.15002 19303.19922 48700.22656 1015.25000 13919.09961 102384.00000 33595.64844 1275.44995 768.79999 97536.25000 19775.00000 38482.50000 4897.75000 11931.00000 12619.50000 2712.00000 74042.79688 5635.57520 5869.50000 931.95001 20982.00000 10703.17480 10898.40039 5270.64990 9073.72461 222222.00000 11698.67480 8953.15039 22275.00000 6843.37500 6931.04980 19385.50000 512606.40625 4891.25000 4154.10010 137295.40625 63513.10156 39250.87500 11939.20020 22567.42578 20636.57422 10071.87500 13087.50000 124879.72656 40553.22656 10561.65039 1857.09998 51935.39844 2614.05005 
7391.25000 5115.60010 57472.80078 135170.70312 2005.69995 45474.64844 259515.00000 105796.35156 1940.40002 1950.40002 461992.12500 79235.60156 135275.15625 13134.54980 39913.50000 35094.89844 17458.50000 274079.00000 21789.62500 9506.25000 3066.60010 56025.97656 46945.19922 28226.40039 59259.19922 29479.07422 124051.20312 49650.85156 37089.89844 50490.00000 18722.55078 26701.84961 53121.75000 1361570.37500 21336.25000 26946.75000 378755.43750 209073.17188 40960.50000 32644.19922 133135.20312 91957.02344 13193.12500 32087.50000 89976.14844 45922.44922 14940.59961 2006.55005 147937.20312 14979.45020 
5038.82520 2189.13745 11180.40039 40527.81250 1379.88745 6966.53760 96429.37500 32220.78711 1663.61255 1145.19995 106122.18750 16712.69922 36631.67578 3283.63745 11169.93750 19253.55078 5031.32520 75211.50000 8073.86230 6695.81250 1298.17505 17380.76172 10145.28711 7117.39990 14845.32520 5623.68750 238875.00000 9022.83789 2958.27490 16118.43750 3693.11255 3900.22510 10951.43750 451435.81250 5951.56250 8459.17480 119995.81250 58395.53906 48318.93750 9417.70020 23134.76172 31401.66211 13052.18750 12481.25000 142499.59375 49175.13672 13172.92480 2064.73755 42986.69922 4503.82520 
10349.57520 5399.43750 22957.19922 60515.96094 2512.93750 20326.63672 131920.12500 60071.96094 2869.76245 2314.80005 288418.81250 41956.89844 77569.72656 4634.98730 32479.68750 39867.75000 13093.87500 159433.29688 16239.43750 13554.93750 2600.62500 40178.51172 26881.91211 7725.39990 44597.02344 13172.48730 392519.40625 26549.21289 20575.37500 8049.93750 8596.08789 13310.67480 27888.06250 644793.00000 17830.31250 21470.47461 174969.03125 114439.76562 73399.31250 13583.29980 81255.33594 69686.83594 23103.43750 27518.75000 224408.14062 75966.28906 21287.02539 3788.31250 64873.50000 12617.92480 
6051.70020 2838.37500 15489.59961 52911.77344 1823.57495 10956.40039 118381.50000 46527.52344 2135.92505 1500.80005 185456.25000 28589.00000 55891.25000 4204.20020 14375.62500 24957.00000 8294.20020 114834.20312 11726.54980 7707.37500 1846.80005 15978.59961 17728.42578 7911.60010 26495.69922 8745.15039 261534.00000 16963.80078 9917.15039 17411.62500 3285.97510 7961.45020 7346.62500 575875.18750 9514.37500 13697.54980 155375.07812 87468.82812 55712.62500 12308.20020 47404.19922 47528.35156 15654.37500 12525.00000 160511.62500 61003.92578 16755.44922 2318.92505 56510.39844 7448.10010 